event: 1
marker id: 3
latitude: 42.0483493519
longitude: -87.7013074094
