event:1
lat:42.048394
lon:-87.698997
